20
26 26 26 26 26 26 26 26 26 26 26 26 26 26 26 26 26 26 26 26
26 26 26 26 26 26 26 26 26 26 26 26 26 26 26 26 26 26 26 26
26 26 26 26 26 26 26 26 26 26 26 26 26 26 26 26 26 26 26 26
26 26 26 26 26 26 26 26 26 26 26 26 26 26 26 26 26 26 26 26
26 26 26 26 26 26 26 26 26 26 26 26 26 26 26 26 26 26 26 26
26 26 26 26 26 26 26 26 26 26 26 26 26 26 26 26 26 26 26 26
11 11 11 11 11 36 36 19 36 36 11 11 11 11 11 11 11 11 11 11
11 11 11 11 11 36 19 21 23 26 23 11 11 11 11 11 11 11 11 11
11 11 11 11 11 36 16 19 36 31 36 11 11 11 11 11 11 11 11 11
11 11 11 11 11 36 15 36 36 41 36 11 11 11 11 11 11 11 11 11
11 11 11 11 11 36 14 36 36 36 36 11 11 11 11 11 11 11 11 11
36 36 36 36 36 36 13 36 11 11 11 11 11 11 11 11 11 11 11 11
 6  7  8  9 10 11 12 36 36 36 11 11 11 11 11 11 11 11 11 11
36 36 36 36 36 36 36 36 11 11 11 11 11 11 11 11 11 11 11 11
26 26 26 26 26 26 26 26 26 26 26 26 26 26 26 26 26 26 26 26
26 26 26 26 26 26 26 26 26 26 26 26 26 26 26 26 26 26 26 26
26 26 26 26 26 26 26 26 26 26 26 26 26 26 26 26 26 26 26 26
26 26 26 26 26 26 26 26 26 26 26 26 26 26 26 26 26 26 26 26
26 26 26 26 26 26 26 26 26 26 26 26 26 26 26 26 26 26 26 26
26 26 26 26 26 26 26 26 26 26 26 26 26 26 26 26 26 26 26 26